2.523196883506044319e+00 5.901762821256287594e+00
-2.931639501796041269e+00 -3.243820711126542022e+00
3.397714657826934381e+00 2.971379893355642565e+00
-1.746768710039000805e+00 3.227642919930824306e+00
-4.332285310058595407e+00 3.098724169204549739e+00
6.060305824081113180e+00 -2.090537909007322614e+00
1.406712224762726393e+00 -4.753610428785156827e+00
4.207807705533895160e+00 -2.801273728319137124e+00
1.574509626497355264e+00 5.481783741219220296e+00
4.309238704442932999e+00 -5.336669767843249979e+00
-4.020481216136004399e+00 -7.353158467887379146e+00
4.233591859626340437e+00 -5.232523823580891964e+00
7.205723676449013126e+00 1.749678855668024724e+00
-3.867771223807108250e+00 -5.921050540422429620e+00
3.907897969606507260e+00 -6.213790870240484487e+00
4.091700867044850476e+00 -4.795749906749664504e+00
2.146857757585058035e+00 4.527563223112196944e+00
-8.100542886547209775e+00 -9.395560664587385702e-01
4.054018145385084537e+00 -1.834017862982883607e+00
8.417541584012713241e-01 1.755263086040029563e+00
-7.232040151107311132e+00 -2.538707863970139034e+00
5.243468298808291017e+00 -3.659284713321495186e+00
-6.223427584574650950e+00 -2.635250841039602498e+00
-4.553496413528124620e+00 -6.108281597855284240e+00
4.308888593333346506e+00 -5.036050371265103465e+00
-3.776496830043062913e-01 3.863615500298879013e+00
-5.741558921152259742e+00 -6.726177303324556433e+00
-8.927074354098955666e+00 -1.711319963982963710e+00
-1.736470976045516146e+00 4.452240618487319779e+00
1.207928614258249489e+00 5.958351492573582320e+00
-5.419154885195890614e+00 -4.836058817143688238e+00
-3.344025244299773991e+00 4.211027197665703881e+00
-6.230443856147802606e+00 -3.760623438327463042e+00
-5.041637416356677726e+00 -3.631207214468750166e+00
5.234313455357884060e-01 2.612212681500607481e+00
6.715277772622332719e+00 -1.576955208238517869e+00
3.976508309734802626e+00 -3.039102762783302047e+00
-4.178143482687973531e+00 -4.569620182086013394e+00
8.992729446456690923e+00 -1.139748619625498449e+00
7.422146756906338183e+00 -1.364370939205912903e+00
-1.281257709614203932e+00 3.057198659565396603e+00
6.369968221000833764e-02 5.393379343061120323e+00
-6.378645016554254532e+00 -4.663570270945500695e+00
-6.695965548592687000e+00 -1.967451140623763806e+00
-3.526220881993531897e+00 5.371690873353188955e+00
3.238170435834496708e+00 -4.398008749266759665e+00
8.519451177334246950e+00 4.588276286373647039e-01
-5.711387314307604157e+00 -3.571915458011733602e+00
-4.514118039165142093e+00 -2.056304767978262227e+00
-3.026685818398927030e-01 2.187085758796216250e+00
8.498201634336567167e+00 -1.741846984703386614e+00
-3.707232869137757181e+00 1.581837800585638831e+00
4.332431601111049524e+00 1.306317150816926453e+00
6.435160456743004076e+00 2.322866267894686754e+00
1.605310437870285600e+00 -4.285997515667687274e+00
1.854250319653178103e+00 8.389715793214447714e+00
-4.108349039658270030e+00 -6.451638514315505724e+00
2.429816492444436093e+00 -3.294976896180957127e+00
5.235684504219928925e+00 -3.219722867470451444e+00
-1.051239139682057200e+01 -3.091448991511179134e+00
-3.150559568071016336e+00 -8.109468187340091561e+00
-6.165259756412972969e+00 -3.802541595241367922e+00
-3.340686184118150326e+00 -1.227309221283761076e+00
1.345455708038498566e+00 6.525167750607517192e+00
2.174601041125176604e+00 -5.558604712989088092e-01
-3.621373869598157214e+00 -6.645045008016222887e+00
-5.191163363019920318e+00 -6.642444155106980830e+00
1.868204520246282474e+00 1.502460834197516526e-01
-1.989089882939795162e+00 8.919188482908872118e+00
-2.842611008039524378e+00 -6.689442162591396901e+00
4.589236696767477142e+00 3.812358471714055064e+00
-2.295269479672966462e+00 7.852509330110226671e-01
3.099623421198041129e+00 -2.111627294091459106e+00
4.281015734619900037e+00 -1.792878327374801017e+00
3.048141969219861025e+00 -5.094788122823152854e-01
-7.816164944348685140e+00 -5.049940101318792784e+00
5.450138245003591564e+00 -1.309412149712116502e+00
-2.636168267307622326e+00 -7.209261665340365610e+00
-5.163832738746063633e+00 -6.535001271121696931e+00
2.965204672398416452e+00 -6.015068818376114734e-01
-8.687787536044567105e+00 -1.967740230266898038e+00
7.959260031890693199e+00 3.116553230415079589e+00
2.733893535318828061e+00 6.911928503519415123e+00
7.070338446891188511e+00 -1.955874973350272050e+00
1.044750601001768686e+01 7.725190877918608479e-01
2.652600288858301611e-02 6.850214454443573686e+00
4.893440388501751670e+00 -3.121338056804218386e+00
-3.481141574378285419e+00 -7.025439540630749491e+00
7.814626063413902202e+00 -6.877887339838757441e-01
-1.442632866959729476e+00 -5.701376843875004319e+00
3.925518613334598506e+00 -3.557431993933106718e+00
-4.539868359705299117e-01 8.190726615576810588e+00
5.608355289528521581e+00 -4.501096543340330491e+00
-2.569226654643217866e+00 1.342476299454921307e+00
-8.236169124042572065e+00 1.572204990091021770e-01
4.253938643829498822e+00 -1.256775258402428097e+00
6.549667533240969952e+00 -3.839081413742235327e+00
-7.772917587597497624e-01 4.800570290488886727e+00
-5.251418568152767641e+00 -1.853065240100884914e+00
1.729161907848090429e+00 -3.796071691446981422e+00
8.611715232174049106e+00 3.029989891919038669e+00
-6.414537982368404556e+00 -8.016209904418644783e+00
3.553760965521967741e+00 -7.954549906807633075e-01
-2.846017035469785017e-01 1.025845816470991423e+01
-4.904169319712463171e+00 -4.548789916593003468e+00
-4.762443412766034001e+00 4.178457473559475055e+00
-7.742318155422230896e-01 -5.254710649370748499e-01
-3.555654974337213670e+00 -5.004850984385211810e+00
5.269157571462745437e+00 -1.420884111673762717e+00
5.700629637211673817e+00 -2.491276965955263822e+00
-3.484080223009673904e+00 5.521544953465709504e+00
-4.770078597659465736e+00 -4.037849847097609413e+00
4.073956733111889328e+00 -1.132718234896013643e+00
-1.956409910727426871e+00 7.745285056032308546e+00
-5.772547142243454665e+00 -7.616862921746237802e+00
-4.494334159295141795e+00 -5.667135362923148456e+00
3.179839147996448290e+00 2.001729342341024953e+00
-5.927015803625317325e-01 8.737243181436282313e+00
-4.776098825103513690e+00 -3.886208006777349233e+00
8.797915089007368294e+00 -2.552950408782153513e+00
-3.318355508863710668e-01 -7.318646579481994152e+00
-6.725107225523045074e+00 -3.375074743922208409e+00
-1.615399714091113159e+00 1.113669685229006223e+00
-2.104515533346283274e+00 4.645010735290559190e+00
6.892296305483123220e+00 -1.547767849373086202e+00
-5.906778172701978580e-01 2.747385897847555825e+00
3.838926201769517377e+00 -2.492851309169909158e+00
5.220206276005216139e+00 2.762149452529058635e+00
2.997836239539345637e+00 8.253760984080484420e+00
-5.651945270222141104e+00 -5.506163327979439970e+00
5.794615163097908805e+00 -8.006163545912414747e-01
-6.639342955174569738e+00 -2.314893993694120855e+00
-5.475601828076501754e+00 -5.577209679688188260e+00
-7.481177754824642756e-01 3.226724124981283026e+00
1.385415534175438879e+01 8.652458398881925916e-01
4.322969579898753523e+00 -4.080521423697838657e+00
4.647274724448520189e+00 -8.292677708807780768e-01
2.694965949765673940e+00 -2.301827079545935462e+00
3.875833625471304611e+00 -1.137368968183634532e+00
7.979942999397135139e+00 5.482878509438373626e-01
-1.178322562524285910e+00 4.415517532674090972e+00
-4.778659894377478068e+00 -2.860123335741362016e+00
4.359323853942526306e+00 -3.090233579305838418e+00
-1.344177027651406675e+00 -2.498357380628454028e+00
-1.096250477525223310e+00 4.366488896401677700e+00
-6.910463521482650417e-01 5.483983399932100156e+00
-6.047315699637140440e+00 -4.261231285873817498e+00
2.875050421836909731e+00 3.583967773265911205e+00
-8.786115042915238149e+00 -2.377790988868064836e+00
2.407356333005974847e+00 -3.953841327433631037e+00
